region_e_empire0081 = { 
	provinces = { 3 4 5 14 18 8 17 9 12 13 1 6 2 10 20 7 11 24 28 23 29 35 32 38 26 43 25 33 36 44 15 19 27 31 16 21 34 30 40 22 39 37 45 41 47 46 49 48 52 51 61 56 62 59 58 42 50 53 64 55 60 63 67 57 54 65 66 71 69 75 76 78 74 72 82 81 86 79 88 77 68 83 85 80 89 84 87 70 91 96 90 97 100 95 94 102 98 93 104 92 99 103 101 105 110 106 111 107 108 112 109 114 120 116 121 123 118 117 113 125 122 115 124 126 119 129 130 134 132 127 128 131 135 136 133 141 137 142 144 154 152 148 155 166 164 178 170 162 179 184 174 182 196 189 200 198 206 215 212 207 }
}region_e_empire0073 = { 
	provinces = { 73 }
}region_e_empire0227 = { 
	provinces = { 138 139 140 147 150 145 143 146 151 149 156 158 165 153 157 159 160 161 169 167 163 168 171 176 185 172 177 181 187 180 188 190 195 193 197 194 209 202 204 205 217 210 211 218 225 222 226 216 235 239 229 227 236 231 233 242 246 }
}region_e_empire0339 = { 
	provinces = { 219 237 230 213 228 244 243 252 253 257 264 265 274 276 282 270 280 249 251 256 260 259 269 268 277 289 293 294 284 298 302 275 290 288 305 308 306 303 314 292 296 304 301 315 317 325 323 332 310 335 324 330 336 326 173 175 183 201 199 186 192 203 208 214 223 221 220 224 232 241 234 240 254 255 250 266 261 271 262 267 238 245 248 263 258 273 278 272 281 295 279 285 287 291 286 300 297 309 311 299 307 320 322 312 329 319 316 342 338 339 331 345 340 334 344 346 341 333 343 356 355 350 313 318 337 327 358 321 328 353 364 354 359 363 347 369 351 368 348 349 352 360 357 366 365 370 367 373 374 378 371 361 375 362 386 379 372 377 381 385 383 376 384 387 408 382 394 393 380 388 392 389 390 395 407 399 396 391 405 398 404 414 406 403 401 411 400 397 417 412 409 420 402 413 410 427 418 415 419 424 425 416 426 423 421 422 435 429 433 428 434 432 430 440 437 431 441 444 443 445 436 442 449 450 452 451 447 446 453 455 462 448 456 459 458 463 460 464 454 465 457 468 474 473 467 470 479 471 482 466 476 477 490 489 501 494 498 491 517 519 513 525 531 543 536 562 561 565 575 557 568 589 584 586 599 606 607 }
}region_e_empire0191 = { 
	provinces = { 191 }
}region_e_empire0247 = { 
	provinces = { 247 }
}region_e_empire0283 = { 
	provinces = { 283 }
}region_e_empire0439 = { 
	provinces = { 438 439 }
}region_e_empire0515 = { 
	provinces = { 496 515 }
}region_e_empire0666 = { 
	provinces = { 593 600 596 610 621 643 634 618 624 630 635 646 653 647 645 654 657 663 668 666 665 664 672 669 679 683 686 688 707 }
}region_e_empire0744 = { 
	provinces = { 744 }
}region_e_empire0916 = { 
	provinces = { 789 793 795 808 792 800 809 811 813 822 814 819 840 825 832 834 846 831 861 845 862 864 866 860 863 838 844 852 878 872 854 858 870 876 877 874 882 888 887 885 890 886 889 900 894 895 896 897 893 892 898 903 899 901 902 904 905 907 908 906 910 909 914 916 913 911 915 922 920 917 925 926 919 923 921 924 932 918 931 928 927 930 934 929 936 935 937 933 939 938 942 946 944 947 940 945 950 954 951 949 948 952 941 943 953 957 961 958 955 956 962 960 963 965 968 969 966 970 976 974 977 959 964 972 971 979 973 980 993 996 981 983 994 988 992 991 1000 1005 986 995 967 975 987 989 1009 985 999 1001 990 1002 997 1004 1006 1007 1003 1013 1016 1015 1011 1012 1014 1017 1020 1018 1022 1023 1024 1021 1026 1025 1027 1030 1028 1034 1031 1033 1035 1029 1037 1036 1041 1032 1039 1043 1040 1046 1038 1042 1044 1048 1050 1045 1052 1053 1051 1057 1054 1047 1055 1049 1056 1060 1062 1059 1064 1061 1058 1067 1066 1065 1063 1070 1068 1069 1072 1071 1073 1075 1074 1076 1077 1078 1079 1081 1080 1082 1083 }
}region_e_empire0830 = { 
	provinces = { 830 }
}region_e_empire0842 = { 
	provinces = { 842 }
}region_e_empire0849 = { 
	provinces = { 849 }
}region_e_empire0912 = { 
	provinces = { 912 }
}region_e_empire0998 = { 
	provinces = { 978 982 984 998 1008 1010 1019 }
}region_e_empire1161 = { 
	provinces = { 1085 1087 1088 1086 1091 1095 1097 1089 1090 1098 1101 1084 1092 1094 1093 1099 1096 1100 1102 1107 1105 1104 1106 1103 1111 1109 1110 1115 1112 1113 1108 1119 1118 1121 1120 1117 1116 1122 1123 1125 1127 1129 1133 1136 1132 1114 1126 1144 1131 1130 1135 1139 1137 1143 1141 1156 1148 1145 1146 1149 1153 1147 1152 1154 1162 1160 1157 1155 1159 1158 1171 1167 1168 1165 1166 1169 1186 1170 1175 1128 1138 1140 1151 1150 1161 1164 1163 1173 1172 1178 1177 1182 1183 1185 1187 1184 1193 1189 1199 1195 1204 1207 1202 1205 1203 1188 1213 1220 1240 1218 1214 1230 1216 1237 1219 1232 1223 1241 1242 1244 1259 1270 }
}region_e_empire1134 = { 
	provinces = { 1124 1134 1142 }
}region_e_empire1215 = { 
	provinces = { 1174 1176 1190 1180 1196 1215 }
}region_e_empire1275 = { 
	provinces = { 1179 1181 1191 1197 1201 1210 1224 1262 1226 1250 1248 1276 1273 1247 1249 1263 1267 1281 1246 1275 1285 1292 }
}region_e_empire1399 = { 
	provinces = { 1192 1194 1212 1208 1231 1236 1238 1253 1260 1261 1265 1277 1278 1282 1289 1297 1305 1298 1308 1300 1302 1313 1328 1320 1321 1339 1322 1333 1335 1336 1345 1348 1350 1358 1351 1363 1380 1367 1198 1200 1217 1229 1234 1255 1239 1256 1266 1279 1283 1294 1299 1306 1317 1315 1257 1287 1309 1310 1325 1337 1318 1332 1330 1340 1342 1344 1381 1359 1353 1352 1374 1370 1355 1378 1377 1382 1369 1385 1388 1398 1389 1397 1399 1394 1401 1404 1411 1414 1416 }
}region_e_empire1206 = { 
	provinces = { 1206 }
}region_e_empire1291 = { 
	provinces = { 1209 1211 1222 1225 1235 1233 1245 1251 1227 1252 1258 1243 1268 1264 1254 1272 1269 1274 1271 1286 1280 1284 1288 1293 1290 1296 1291 1295 1307 1304 1303 1301 1312 1316 1311 1314 1324 1323 1319 1326 1329 1327 1331 1341 1334 1338 1343 1347 1349 1346 1357 1360 1356 1364 1366 }
}region_e_empire1228 = { 
	provinces = { 1221 1228 }
}region_e_empire1556 = { 
	provinces = { 1354 1361 1373 1362 1375 1387 1368 1384 1379 1376 1396 1400 1391 1392 1395 1405 1403 1390 1407 1406 1415 1413 1417 1409 1412 1426 1371 1383 1393 1408 1420 1418 1425 1424 1427 1430 1437 1440 1428 1439 1443 1441 1448 1447 1450 1422 1423 1436 1433 1453 1462 1465 1464 1463 1454 1457 1467 1470 1473 1471 1476 1481 1477 1485 1479 1488 1480 1497 1490 1489 1492 1502 1494 1504 1505 1513 1498 1515 1419 1432 1435 1446 1449 1459 1461 1474 1478 1487 1496 1495 1500 1508 1512 1509 1518 1510 1429 1431 1444 1452 1451 1458 1456 1469 1468 1472 1482 1484 1493 1501 1483 1491 1507 1511 1503 1514 1519 1520 1523 1517 1521 1527 1528 1524 1525 1530 1533 1526 1536 1537 1531 1534 1529 1541 1540 1547 1542 1365 1372 1386 1402 1410 1421 1438 1460 1475 1486 1499 1506 1516 1522 1532 1535 1544 1543 1538 1539 1549 1551 1545 1548 1552 1553 1546 1550 1556 1554 1555 }
}region_e_empire1455 = { 
	provinces = { 1434 1442 1445 1455 }
}region_e_empire1466 = { 
	provinces = { 1466 }
}