mild_winter = {
	5
	16
	24
	33
	56
	90
	191
	198
	206
	220
	223
	225
	226
	227
	234
	247
	254
	255
	256
	257
	263
	264
	273
	278
	279
	280
	283
	289
	291
	295
	304
	305
	310
	312
	314
	315
	316
	318
	323
	324
	327
	329
	331
	335
	336
	339
	342
	343
	344
	347
	348
	349
	351
	354
	358
	359
	370
	373
	374
	375
	380
	381
	383
	385
	390
	394
	396
	404
	418
	421
	539
	541
	542
	543
	546
	547
	556
	567
	573
	574
	576
	579
	586
	587
	591
	592
	594
	598
	599
	607
	611
	612
	616
	618
	624
	628
	631
	632
	643
	651
	652
	656
	658
	661
	675
	678
	683
	689
	695
	697
	698
	702
	711
	713
	715
	716
	721
	722
	724
	725
	731
	736
	737
	741
	747
	748
	751
	754
	756
	757
	763
	768
	771
	773
	776
	777
	789
	810
	816
	819
	834
	836
	840
	843
	845
	852
	863
	870
	877
	879
	885
	896
	899
	908
	913
	917
	925
	936
	946
	948
	955
	957
	965
	966
	971
	974
	982
	992
	1005
	1007
	1008
	1015
	1017
	1021
	1026
	1040
	1041
	1045
	1046
	1062
	1072
	1082
	1083
	1089
	1093
	1100
	1102
	1117
	1118
	1120
	1121
	1132
	1136
	1140
	1148
	1163
	1169
	1170
	1172
	1175
	1180
	1182
	1183
	1187
	1188
	1189
	1190
	1192
	1196
	1198
	1203
	1204
	1207
	1211
	1215
	1220
	1224
	1226
	1227
	1239
	1252
	1265
	1276
	1278
	1301
	1307
	1311
	1313
	1323
	1331
	1338
	1345
	1347
	1352
	1354
	1355
	1356
	1359
	1360
	1361
	1364
	1367
	1368
	1370
	1371
	1372
	1375
	1377
	1383
	1384
	1385
	1389
	1393
	1395
	1397
	1400
	1407
	1410
	1411
	1418
	1423
	1430
	1431
	1439
	1442
	1443
	1445
	1446
	1448
	1451
	1452
	1460
	1461
	1462
	1464
	1465
	1466
	1467
	1468
	1472
	1473
	1474
	1475
	1477
	1478
	1479
	1482
	1485
	1486
	1487
	1489
	1490
	1491
	1492
	1493
	1494
	1498
	1499
	1500
	1501
	1502
	1504
	1505
	1508
	1509
	1514
	1515
	1522
	1523
	1528
	1529
	1531
	1534
	1536
	1538
	1541
	1542
	1549
	1555
	1556
	1557
	1560
	1567
	1575
	1577
	1580
	1583
	1589
	1593
	1594
	1595
	1598
	1600
	1602
	1604
	1605
	1610
	1611
	1613
	1614
	1615
	1616
	1620
	1622
	1624
	1625
	1626
	1627
	1628
	1629
	1630
	1632
	1633
	1634
	1635
	1638
	1639
	1640
	1642
	1643
	1644
	1645
	1647
	1648
	1651
	1654
	1657
	1658
	1661
	1662
	1665
	1666
	1667
	1668
	1671
	1674
	1679
	1680
	1684
	1685
	1690
	1692
	1698
	1702
	1703
	1706
	1716
	1732
	1739
	1741
	1747
	1758
	1762
	1763
	1767
	1769
	1770
	1775
	1778
	1784
	1790
	1792
	1794
	1795
	1797
	1798
	1799
	1804
	1806
	1811
	1812
	1815
	1816
	1817
	1819
	1820
	1822
	1826
	1827
	1829
	1830
	1831
	1836
	1839
	1842
	1844
	1850
	1852
	1854
	1858
	1859
	1860
	1869
	1904
	1920
	1923
	1925
	1933
	1934
	1937
	1940
	1948
	1950
	1952
	1956
	1958
	1963
	1964
	1968
	1969
	1976
	1977
	1984
	1986
	1988
	1992
	1993
	1996
	1997
	2003
	2004
	2008
	2015
	2018
	2019
	2024
	2025
	2033
	2035
	2041
	2044
	2047
	2048
	2049
	2050
	2051
	2056
	2057
	2059
	2060
	2061
	2062
	2064
	2066
	2067
	2068
	2070
	2073
	2078
	2079
	2080
	2083
	2084
	2085
	2087
	2088
	2092
	2093
	2094
	2095
	2096
	2097
	2098
	2100
	2103
	2104
	2105
	2106
	2107
	2108
	2109
	2110
	2111
	2112
	2114
	2115
	2116
	2117
	2119
	2120
	2121
	2123
	2125
	2126
	2127
	2128
	2130
	2132
	2133
	2134
	2136
	2137
	2138
	2139
	2142
	2145
	2149
	2150
	2151
	2153
	2155
	2156
	2158
	2159
	2160
	2162
	2164
	2167
	2168
	2170
	2176
	2178
	2179
	2181
	2182
	2183
	2185
	2186
	2187
	2191
	2192
	2198
	2199
	2200
	2201
	2202
	2203
	2204
	2206
	2207
	2209
	2210
	2211
	2214
	2215
	2217
	2218
	2220
	2221
	2222
	2223
	2224
	2226
	2229
	2230
	2235
	2237
	2238
	2239
	2240
	2241
	2242
	2243
	2244
	2246
	2249
	2250
	2251
	2252
	2253
	2255
	2258
	2259
	2260
	2263
	2265
	2266
	2267
	2269
	2271
	2273
	2274
	2276
	2277
	2280
	2281
	2282
	2284
	2286
	2287
	2288
	2289
	2290
	2291
	2294
	2295
	2296
	2299
	2300
	2301
	2304
	2308
	2311
	2315
	2316
	2318
	2320
	2321
	2323
	2328
	2330
	2332
	2334
	2335
	2336
	2337
	2338
	2339
	2343
	2344
	2345
	2348
	2354
	2357
	2358
	2359
	2361
	2366
	2367
	2370
	2371
	2374
	2377
	2380
	2382
	2384
	2386
	2392
	2396
	2399
	2400
	2401
	2410
	2411
	2414
	2416
	2417
	2420
	2421
	2422
	2425
	2428
	2430
	2433
	2435
	2436
	2438
	2443
	2445
	2448
	2449
	2454
	2455
	2456
	2458
	2461
	2466
	2469
	2470
	2472
	2474
	2475
	2482
	2486
	2487
	2493
	2500
}

normal_winter = {
	1
	2
	4
	6
	9
	10
	11
	12
	20
	23
	25
	29
	31
	37
	38
	40
	46
	49
	65
	78
	79
	88
	106
	110
	111
	125
	130
	132
	149
	152
	157
	160
	178
	183
	186
	187
	210
	221
	229
	231
	236
	241
	251
	270
	272
	275
	276
	285
	292
	293
	296
	298
	301
	306
	311
	313
	322
	330
	332
	334
	345
	346
	353
	357
	361
	363
	365
	367
	371
	372
	376
	378
	382
	386
	387
	388
	389
	391
	392
	393
	397
	399
	400
	405
	407
	409
	410
	412
	414
	416
	417
	425
	432
	435
	437
	443
	448
	449
	451
	484
	552
	558
	572
	575
	577
	581
	588
	621
	636
	647
	648
	659
	669
	670
	682
	684
	688
	690
	703
	707
	708
	720
	728
	770
	779
	797
	802
	812
	817
	824
	828
	835
	841
	847
	848
	851
	857
	861
	871
	886
	897
	900
	903
	905
	906
	915
	922
	924
	937
	942
	947
	952
	953
	967
	969
	970
	975
	978
	983
	985
	986
	987
	990
	995
	1003
	1006
	1010
	1014
	1024
	1031
	1043
	1052
	1059
	1080
	1091
	1098
	1115
	1158
	1177
	1179
	1206
	1287
	1300
	1318
	1328
	1329
	1334
	1348
	1351
	1357
	1365
	1366
	1373
	1378
	1381
	1386
	1396
	1399
	1413
	1415
	1416
	1419
	1420
	1424
	1441
	1511
	1512
	1526
	1545
	1561
	1563
	1564
	1568
	1586
	1631
	1659
	1660
	1663
	1664
	1670
	1672
	1675
	1677
	1678
	1681
	1682
	1689
	1695
	1699
	1700
	1709
	1715
	1717
	1718
	1719
	1720
	1721
	1724
	1726
	1728
	1729
	1730
	1735
	1736
	1737
	1740
	1742
	1744
	1746
	1749
	1752
	1753
	1754
	1755
	1757
	1761
	1765
	1773
	1774
	1776
	1781
	1786
	1787
	1796
	1832
	1840
	1870
	1890
	1892
	1913
	1914
	1915
	1936
	1939
	1943
	1945
	1951
	1954
	1961
	1962
	1965
	1970
	1973
	1979
	1981
	1982
	1990
	1994
	2000
	2007
	2010
	2022
	2031
	2042
	2053
	2054
	2065
	2071
	2086
	2099
	2102
	2113
	2122
	2124
	2129
	2131
	2135
	2140
	2143
	2144
	2146
	2147
	2148
	2152
	2157
	2161
	2163
	2166
	2169
	2171
	2173
	2174
	2175
	2177
	2180
	2188
	2189
	2190
	2194
	2196
	2197
	2205
	2208
	2212
	2213
	2216
	2219
	2225
	2227
	2231
	2234
	2236
	2247
	2248
	2254
	2256
	2257
	2261
	2262
	2264
	2268
	2270
	2272
	2275
	2278
	2279
	2285
	2292
	2293
	2298
	2302
	2305
	2306
	2307
	2309
	2310
	2312
	2313
	2317
	2319
	2324
	2325
	2331
	2342
	2347
	2349
	2350
	2352
	2353
	2355
	2356
	2360
	2362
	2363
	2364
	2365
	2368
	2369
	2372
	2373
	2376
	2379
	2381
	2383
	2385
	2388
	2389
	2391
	2394
	2395
	2397
	2398
	2402
	2405
	2406
	2407
	2408
	2412
	2413
	2415
	2418
	2419
	2424
	2427
	2429
	2431
	2432
	2434
	2439
	2442
	2444
	2450
	2452
	2453
	2462
	2463
	2467
	2471
	2476
	2478
	2480
	2483
	2484
	2485
	2489
	2490
	2492
	2497
	2498
}

severe_winter = {
	18
	44
	57
	58
	87
	94
	95
	101
	135
	140
	145
	158
	172
	204
	205
	217
	218
	235
	265
	282
	294
	307
	320
	321
	333
	340
	356
	360
	413
	415
	422
	423
	424
	438
	439
	444
	447
	453
	458
	460
	465
	471
	472
	473
	483
	487
	500
	503
	506
	511
	520
	523
	534
	536
	566
	620
	640
	653
	655
	667
	723
	749
	765
	767
	772
	790
	795
	809
	815
	818
	928
	959
	960
	963
	1019
	1055
	1084
	1085
	1185
	1233
	1275
	1282
	1304
	1314
	1440
	1447
	1450
	1453
	1454
	1455
	1457
	1521
	1569
	1584
	1637
	1646
	1669
	1683
	1686
	1687
	1688
	1691
	1694
	1696
	1697
	1701
	1704
	1705
	1707
	1708
	1710
	1711
	1712
	1713
	1722
	1727
	1734
	1748
	1971
	2001
	2020
	2027
	2040
	2055
	2074
	2089
	2091
	2101
	2118
	2141
	2154
	2165
	2172
	2184
	2193
	2195
	2228
	2232
	2233
	2245
	2283
	2314
	2333
	2341
	2346
	2390
	2403
	2404
	2423
	2437
	2440
	2460
	2468
	2477
	2481
	2491
	2494
	2495
}

