region_e_empire0009 = { 
	provinces = { 1 4 2 7 6 14 11 23 31 28 22 47 59 5 9 16 34 40 19 39 10 13 27 36 46 37 60 62 84 75 53 82 38 42 50 74 35 58 51 70 45 65 66 71 69 80 89 78 91 100 120 104 106 105 110 103 107 122 109 152 162 148 125 131 137 167 126 144 154 117 145 150 136 124 141 170 161 189 180 164 192 182 206 197 190 194 193 199 163 181 208 202 212 231 226 223 196 221 219 224 247 240 234 243 241 246 257 233 254 267 282 276 273 245 270 274 291 277 165 184 204 177 198 220 228 229 244 239 259 258 250 264 283 272 271 289 299 294 288 301 304 322 317 323 320 312 325 337 346 306 336 308 347 329 339 345 341 350 349 357 359 360 352 367 364 361 373 382 415 378 393 389 413 390 392 401 420 403 449 447 431 440 }
}region_e_empire0048 = { 
	provinces = { 8 12 29 15 25 3 21 30 44 49 56 48 63 32 57 64 83 79 73 67 88 86 95 98 94 99 93 72 112 96 90 113 133 121 108 116 123 135 118 210 119 147 160 140 138 143 158 166 149 159 156 171 186 185 178 174 179 187 191 200 215 207 227 216 214 211 218 232 225 251 253 249 230 255 242 265 269 263 297 286 275 296 278 287 284 293 300 313 307 316 342 315 319 331 324 335 340 311 327 330 326 343 332 353 328 344 355 366 348 362 363 372 365 376 375 370 385 379 381 281 314 334 338 356 354 374 371 386 358 377 368 388 384 380 397 387 391 394 399 395 396 398 400 406 407 410 414 426 416 408 427 438 430 448 418 419 432 443 429 435 446 434 451 459 441 466 469 465 439 462 463 484 468 458 489 481 485 499 491 495 497 453 477 494 500 501 411 428 450 470 467 486 455 471 478 508 510 502 503 515 517 514 527 521 519 509 513 524 522 542 525 539 550 529 533 553 532 541 540 537 545 551 561 567 566 569 565 402 417 444 473 504 543 568 573 }
}region_e_empire0041 = { 
	provinces = { 17 18 33 26 41 20 52 43 55 61 54 77 81 76 68 85 87 92 102 97 127 115 153 142 128 130 134 146 157 155 183 173 176 195 201 209 175 217 205 235 252 256 236 237 248 238 262 261 260 266 268 295 280 279 290 298 292 309 305 303 310 321 318 }
}region_e_empire0024 = { 
	provinces = { 24 }
}region_e_empire0203 = { 
	provinces = { 114 151 169 101 129 168 111 139 132 172 203 213 222 }
}region_e_empire0188 = { 
	provinces = { 188 }
}region_e_empire0302 = { 
	provinces = { 285 302 }
}region_e_empire0333 = { 
	provinces = { 333 }
}region_e_empire0351 = { 
	provinces = { 351 }
}region_e_empire0383 = { 
	provinces = { 369 383 }
}region_e_empire0531 = { 
	provinces = { 531 }
}region_e_empire0786 = { 
	provinces = { 630 637 640 657 663 687 673 685 705 697 714 741 724 749 767 790 769 722 732 766 760 784 786 812 805 810 825 835 853 859 }
}region_e_empire0836 = { 
	provinces = { 649 664 718 720 765 740 783 751 787 792 808 817 836 827 845 854 873 }
}region_e_empire0711 = { 
	provinces = { 711 }
}region_e_empire0953 = { 
	provinces = { 813 833 819 829 832 837 851 831 860 858 855 818 842 848 862 867 857 875 877 888 879 891 890 893 871 899 911 898 901 902 906 910 896 916 920 923 919 924 926 925 915 937 929 938 942 940 934 945 885 889 912 922 904 914 928 933 948 949 950 953 958 966 959 961 962 969 972 971 977 979 984 980 991 990 986 998 1000 999 1001 995 1002 1008 1010 1011 1009 1024 1019 1020 1033 1027 1035 1013 1017 1026 1031 1042 1032 1039 1044 1041 1046 1048 1045 1051 1040 1052 1059 1062 1063 1053 1061 1068 1071 1067 1065 1069 1074 1080 1077 1084 1085 1082 1093 1092 1076 1088 1095 1091 1101 1116 1096 1105 1109 1103 1104 1110 1094 1106 1107 1111 1117 1121 1112 1123 1122 1134 1126 1130 1119 1125 1133 1135 1141 1140 1146 1142 1149 1147 1151 1150 1154 1165 1157 1158 1159 1155 1166 1169 1164 1175 1180 1174 1179 1182 1185 1191 1198 1197 1207 1214 1218 1220 1232 1189 1202 1192 1204 1224 1225 1231 1247 1244 1243 1229 1239 1254 1265 1245 1258 1264 1262 1280 1279 1285 1289 1303 1275 1278 1282 1283 1294 }
}region_e_empire1030 = { 
	provinces = { 884 1014 1029 1030 1015 1021 }
}region_e_empire0935 = { 
	provinces = { 935 }
}region_e_empire0970 = { 
	provinces = { 943 947 952 955 967 970 985 963 975 981 968 992 1005 }
}region_e_empire0954 = { 
	provinces = { 946 954 957 }
}region_e_empire0956 = { 
	provinces = { 956 }
}region_e_empire0976 = { 
	provinces = { 976 }
}region_e_empire1004 = { 
	provinces = { 989 1004 996 1003 1025 1016 1022 1028 1023 1037 1036 1049 1038 1055 1075 1072 1078 1057 1066 1070 1083 1086 1097 }
}region_e_empire1018 = { 
	provinces = { 1012 1018 }
}region_e_empire1034 = { 
	provinces = { 1034 }
}region_e_empire1047 = { 
	provinces = { 1043 1047 1054 1060 }
}region_e_empire1064 = { 
	provinces = { 1050 1056 1064 }
}region_e_empire1073 = { 
	provinces = { 1058 1073 1079 }
}region_e_empire1102 = { 
	provinces = { 1081 1089 1090 1102 1087 1098 1100 1099 1108 1113 1114 1115 1118 1124 1131 1129 1136 1138 }
}region_e_empire1145 = { 
	provinces = { 1120 1132 1128 1148 1137 1145 1144 1152 }
}region_e_empire1127 = { 
	provinces = { 1127 }
}region_e_empire1143 = { 
	provinces = { 1139 1143 }
}region_e_empire1153 = { 
	provinces = { 1153 }
}region_e_empire1168 = { 
	provinces = { 1156 1168 }
}region_e_empire1184 = { 
	provinces = { 1160 1162 1161 1176 1173 1163 1167 1183 1178 1170 1172 1171 1184 1188 1181 1186 1187 1193 1190 1195 1196 1194 1201 1210 1205 1209 1213 1216 1200 1234 1228 1212 1226 1240 1242 1206 1208 1221 1222 1230 1236 1217 1237 1219 1238 1249 1223 1256 1241 1251 1248 1246 1255 1261 1257 1267 1259 1263 1269 1274 1260 1268 1270 1272 1276 1277 1287 1295 1281 1290 1291 1286 1292 1300 1302 1293 1304 1296 1298 1305 1297 1312 1313 1306 1308 1309 1307 1299 1314 1317 1315 1311 1316 1318 1319 1321 1323 1320 1322 1328 1324 1326 1329 1331 1333 1334 1325 1338 1330 1332 1336 1340 1344 1327 1341 1355 1339 1342 1337 1349 1335 1346 1345 1343 1347 1348 1357 1350 1364 1360 1365 1369 1358 1370 1366 1367 1354 1351 1353 1359 1368 1362 1385 1371 1377 1374 1378 1381 1379 1384 1393 1394 1400 1403 1398 1380 1392 1395 1390 1401 1387 1396 1406 1409 1412 1407 1413 1431 1433 1424 1419 1430 1426 1438 1437 1423 1451 1446 1463 1459 1456 1434 1453 1447 1414 1436 1440 1458 1462 1472 1443 1470 1410 1429 1444 1465 1471 1480 1457 1466 1477 1464 1450 1489 1481 1475 1484 1494 1491 1490 1493 1505 1498 1499 1506 1517 1507 1511 1502 1504 1515 1514 1518 1516 1520 1523 1513 1521 1527 1525 1524 1531 1526 1533 1537 1536 1538 1550 1555 1544 1528 1541 1542 1554 1553 1543 1558 1552 1575 1567 1576 1568 1569 1574 1586 1580 1545 1556 1562 1563 1578 1579 1585 1591 1589 1573 1592 1598 1596 1597 1602 1605 1611 1590 1608 1621 1610 1633 1630 1646 1639 1647 1666 }
}region_e_empire1177 = { 
	provinces = { 1177 }
}region_e_empire1215 = { 
	provinces = { 1199 1215 }
}region_e_empire1252 = { 
	provinces = { 1203 1211 1233 1235 1227 1252 1253 1250 1273 1266 }
}region_e_empire1301 = { 
	provinces = { 1271 1284 1301 }
}region_e_empire1288 = { 
	provinces = { 1288 }
}region_e_empire1310 = { 
	provinces = { 1310 }
}region_e_empire1405 = { 
	provinces = { 1352 1363 1372 1356 1361 1376 1375 1373 1386 1382 1383 1391 1389 1397 1399 1402 1404 1405 1408 1411 1420 1427 1425 1432 }
}region_e_empire1388 = { 
	provinces = { 1388 }
}region_e_empire1548 = { 
	provinces = { 1415 1417 1421 1452 1428 1455 1422 1435 1445 1454 1442 1449 1461 1473 1478 1468 1476 1479 1482 1485 1495 1487 1492 1467 1483 1488 1501 1500 1496 1497 1509 1510 1508 1512 1503 1519 1522 1532 1534 1548 1549 1546 1540 1560 1559 1572 1535 1547 1566 1571 1570 1588 1584 1557 1587 1595 1561 1551 1564 1581 1603 1582 1599 1565 1583 1593 1594 1601 1600 1612 1609 1618 1625 1626 1614 1615 1624 1619 1607 1629 1643 1631 1658 1636 1644 1652 1577 1606 1635 1645 1628 1656 1662 1668 1669 1678 1664 1667 1671 1623 1648 1670 1675 1672 1674 1660 1692 1686 1691 1688 1696 1698 1687 1697 1704 1710 1708 1705 1703 1707 1715 1700 1709 1717 1714 1722 1726 1721 1712 1719 }
}region_e_empire1460 = { 
	provinces = { 1416 1418 1441 1439 1448 1460 1474 1469 1486 }
}region_e_empire1530 = { 
	provinces = { 1529 1530 }
}region_e_empire1539 = { 
	provinces = { 1539 }
}region_e_empire1702 = { 
	provinces = { 1616 1620 1632 1640 1617 1634 1642 1622 1657 1655 1650 1649 1604 1613 1637 1638 1627 1654 1659 1663 1673 1681 1653 1665 1684 1679 1676 1677 1680 1641 1651 1661 1683 1685 1689 1694 1690 1695 1693 1699 1701 1702 1706 1713 1718 1716 1723 1730 1734 1732 1739 1748 1720 1727 1746 1743 1741 1735 1760 1758 1759 1762 1767 1776 1768 1770 1779 1783 1784 1790 1786 1781 1785 1793 1792 1794 1787 1801 1806 1803 1800 1724 1731 1742 1744 1725 1740 1747 1738 1752 1756 1766 1753 1757 1764 1774 1778 1782 1777 1780 1788 1775 1796 1789 1799 1802 1809 1807 1818 1820 1810 1815 1808 1822 1816 1829 1827 1831 1823 1819 1824 1826 1857 1844 1847 1848 1842 1843 1856 1825 1862 1832 1846 1840 1851 1836 1860 1853 1711 1733 1736 1750 1772 1791 1811 1830 1838 1872 1873 1868 1870 1869 1865 1874 1881 1883 1876 1884 1861 1886 1878 1888 1893 1894 1887 1903 1897 1914 1908 1906 1902 1899 1912 1911 1900 1907 1910 1913 1919 1922 1944 1933 1936 1932 1939 1937 1940 1934 1930 1945 1951 1952 1970 1969 1965 1953 1979 1984 1971 1991 1960 2012 2004 1994 2020 2032 }
}region_e_empire1682 = { 
	provinces = { 1682 }
}region_e_empire1771 = { 
	provinces = { 1728 1729 1737 1751 1754 1761 1755 1773 1763 1769 1745 1749 1765 1771 }
}region_e_empire2021 = { 
	provinces = { 1795 1797 1804 1798 1821 1813 1817 1812 1833 1805 1814 1834 1845 1855 1828 1839 1849 1866 1871 1841 1852 1867 1864 1882 1890 1837 1859 1880 1835 1850 1854 1863 1879 1875 1885 1920 1895 1877 1896 1909 1898 1904 1918 1927 1928 1926 1929 1941 1923 1916 1962 1942 1956 1959 1958 1954 1968 1966 1981 1983 1980 1986 2002 1982 1996 1999 2005 2003 2018 1935 1947 1985 2022 2010 2021 2027 2033 }
}region_e_empire1858 = { 
	provinces = { 1858 }
}region_e_empire2059 = { 
	provinces = { 1889 1905 1917 1955 1949 1964 1974 1976 1993 1946 1967 1998 2006 2015 2023 2030 2028 2040 2041 2037 2055 2053 2059 1977 2011 2019 2031 2042 2048 2046 2057 2062 2070 2078 2063 2073 2071 2079 2088 2083 2087 2095 2082 2098 2091 2092 2100 2099 2106 2104 2105 2109 2120 2115 }
}region_e_empire2014 = { 
	provinces = { 1891 1892 1915 1901 1931 1948 1950 1975 1978 1995 2001 2008 1921 1943 1973 1989 1987 2014 2024 2007 2026 2029 2035 2025 2044 2039 2045 2051 2047 2052 2054 2061 2069 2068 2064 2060 2081 2080 2072 2086 2085 2075 2090 2094 2096 2103 2110 2107 2114 2118 2116 2128 2129 2133 }
}region_e_empire2158 = { 
	provinces = { 1961 1988 1997 1957 1990 2016 2043 2058 2050 2066 2065 2067 2089 2076 2077 1924 1938 1972 1963 1992 2017 2049 2013 2034 2036 2056 2074 2084 2093 2102 2101 2097 2108 2112 2113 2117 2123 2111 2124 2125 2126 2119 2127 2121 2132 2122 2137 2135 2138 2141 2134 2131 2140 2130 2139 2146 2145 2142 2136 2144 2143 2151 2147 2149 2150 2153 2152 2154 2159 2156 2158 2161 2162 2164 2165 2163 2166 2169 2168 2170 2172 2167 2171 2175 }
}region_e_empire1925 = { 
	provinces = { 1925 }
}region_e_empire2009 = { 
	provinces = { 2000 2009 }
}region_e_empire2038 = { 
	provinces = { 2038 }
}region_e_empire2155 = { 
	provinces = { 2148 2155 2157 2160 }
}region_e_empire2176 = { 
	provinces = { 2173 2176 2177 }
}region_e_empire2174 = { 
	provinces = { 2174 }
}